2263
2264
2285
2298
2311
2363
2365
2369
2371
2384
2387
2429
2429
2432
2433
2498
2500
2504
2517
2520
2525
2541
2541
2641
2655
2657
2666
2668
2670
2680
2704
2726
2727
2762
2814
2816
2818
2820
2826
2828
2829
2830
2831
2832
2832
2843
2844
2882
2884
3080
3081
3082
3082
3082
3082
3505
3646
3655
3658
3660
3674
3675
3695
3698
3700
3700
3710
3761
3763
3775
3779
3913
3914
3976
4107
4109
4181
4183
4200
4202
4523
4528
4530
4537
4557
4559
4561
4561
4563
4692
4694
4702
4704
4706
4710
4712
4714
4718
4719
4720
4721
4721
4721
4863
4866
4868
4869
4873
4876
4878
4879
4880
4880
4881
4883
4883
4896
4897
4898
4899
4900
4901
4901
4902
4903
4903
5207
5208
5209
